#####
###   2021 ELA Growth configurations for imputeScaleScore (NO Status - enrollment unknown)
#####

ela_imputation_config_2021 <- list(
	ELA.2021 = list(
		sgp.content.areas = rep("ELA", 2),
		sgp.panel.years = c("2018_2019.2", "2020_2021.2"),
		sgp.grade.sequences = c("3", "5")),
	ELA.2021 = list(
		sgp.content.areas = rep("ELA", 3),
		sgp.panel.years = c("2017_2018.2", "2018_2019.2", "2020_2021.2"),
		sgp.grade.sequences = c("3", "4", "6")),
	ELA.2021 = list(
		sgp.content.areas = rep("ELA", 3),
		sgp.panel.years = c("2017_2018.2", "2018_2019.2", "2020_2021.2"),
		sgp.grade.sequences = c("4", "5", "7")),
	ELA.2021 = list(
		sgp.content.areas = rep("ELA", 3),
		sgp.panel.years = c("2017_2018.2", "2018_2019.2", "2020_2021.2"),
		sgp.grade.sequences = c("5", "6", "8"))#,
	# ELA.2021 = list(
	# 	sgp.content.areas = rep("ELA", 3),
	# 	sgp.panel.years = c("2017_2018.2", "2018_2019.2", "2020_2021.2"),
	# 	sgp.grade.sequences = c("6", "7", "9")),
	# ELA.2021 = list(
	# 	sgp.content.areas = rep("ELA", 3),
	# 	sgp.panel.years = c("2017_2018.2", "2018_2019.2", "2020_2021.2"),
	# 	sgp.grade.sequences = c("7", "8", "10")),
	# ELA.2021 = list(
	# 	sgp.content.areas = rep("ELA", 3),
	# 	sgp.panel.years = c("2017_2018.2", "2018_2019.2", "2020_2021.2"),
	# 	sgp.grade.sequences = c("8", "9", "11"))
)
